r_pop,1,0.026292,0,0,0,0,0,0
K_pop,0.026292,1,0,0,0,0,0,0
omega_initT,0,0,1,0.00015639,-0.034927,-0.029399,0.0052505,-0.030311
omega_aS,0,0,0.00015639,1,-0.0023558,0.0048438,-0.016721,-0.0019693
omega_r,0,0,-0.034927,-0.0023558,1,-0.017541,0.0057769,-0.11918
omega_K,0,0,-0.029399,0.0048438,-0.017541,1,-0.45379,-0.048022
omega_pP,0,0,0.0052505,-0.016721,0.0057769,-0.45379,1,0.01518
a,0,0,-0.030311,-0.0019693,-0.11918,-0.048022,0.01518,1
