initT_pop,1.1852,-0.020699,2.3003e-6,0.0041956,-0.017456,0.00072624,0,0,0,0,0,0,0,0,0,0
aS_pop,-0.020699,0.089238,2.9404e-5,-0.013252,0.025953,-0.0022914,0,0,0,0,0,0,0,0,0,0
dS_pop,2.3003e-6,2.9404e-5,4.4255e-8,1.4849e-5,-1.4108e-8,-2.639e-9,0,0,0,0,0,0,0,0,0,0
lBt0_pop,0.0041956,-0.013252,1.4849e-5,0.012992,-0.0071705,0.00066523,0,0,0,0,0,0,0,0,0,0
dI_pop,-0.017456,0.025953,-1.4108e-8,-0.0071705,0.018859,-0.0015504,0,0,0,0,0,0,0,0,0,0
n_pop,0.00072624,-0.0022914,-2.639e-9,0.00066523,-0.0015504,0.00017127,0,0,0,0,0,0,0,0,0,0
omega_initT,0,0,0,0,0,0,0.0080442,-2.5362e-5,1.3777e-5,-1.4899e-5,-7.9638e-5,-1.7264e-5,-2.8391e-5,0.00026256,-5.9253e-5,-9.4837e-6
omega_aS,0,0,0,0,0,0,-2.5362e-5,0.032304,0.010072,-0.0036122,0.013974,-0.010583,0.00022219,-0.0015616,0.00019519,-8.7974e-5
corr_dS_aS,0,0,0,0,0,0,1.3777e-5,0.010072,0.017764,0.018672,0.01645,-0.0015325,-0.0050035,0.00055897,-3.3511e-5,-2.5039e-5
corr_lBt0_aS,0,0,0,0,0,0,-1.4899e-5,-0.0036122,0.018672,0.035766,0.034305,0.0094634,-0.0013113,0.00060016,-5.6365e-5,-6.9899e-6
omega_dS,0,0,0,0,0,0,-7.9638e-5,0.013974,0.01645,0.034305,0.062508,0.010304,0.0092406,-0.00049131,-0.00016507,-8.7693e-5
corr_lBt0_dS,0,0,0,0,0,0,-1.7264e-5,-0.010583,-0.0015325,0.0094634,0.010304,0.0077322,0.0031597,6.5556e-5,-3.0916e-5,1.6066e-5
omega_lBt0,0,0,0,0,0,0,-2.8391e-5,0.00022219,-0.0050035,-0.0013113,0.0092406,0.0031597,0.0057093,-0.00017687,-0.00010775,-1.5262e-5
omega_dI,0,0,0,0,0,0,0.00026256,-0.0015616,0.00055897,0.00060016,-0.00049131,6.5556e-5,-0.00017687,0.019347,-0.0038514,9.9659e-6
omega_n,0,0,0,0,0,0,-5.9253e-5,0.00019519,-3.3511e-5,-5.6365e-5,-0.00016507,-3.0916e-5,-0.00010775,-0.0038514,0.0032037,-2.2567e-5
a,0,0,0,0,0,0,-9.4837e-6,-8.7974e-5,-2.5039e-5,-6.9899e-6,-8.7693e-5,1.6066e-5,-1.5262e-5,9.9659e-6,-2.2567e-5,0.00011887
