initT_pop,0.25662,0.00001,0.00256,0.00897,0.00363,-0.01038,0.00000,0.00000,0.00000,0.00000,0.00000,0.00000,0.00000
dS_pop,0.00001,0.00001,0.00009,0.00003,0.00001,-0.00004,0.00000,0.00000,0.00000,0.00000,0.00000,0.00000,0.00000
lBt0_pop,0.00256,0.00009,0.00100,0.00064,0.00026,-0.00077,0.00000,0.00000,0.00000,0.00000,0.00000,0.00000,0.00000
lk_pop,0.00897,0.00003,0.00064,0.00281,0.00064,-0.00307,0.00000,0.00000,0.00000,0.00000,0.00000,0.00000,0.00000
lw_pop,0.00363,0.00001,0.00026,0.00064,0.00759,-0.00301,0.00000,0.00000,0.00000,0.00000,0.00000,0.00000,0.00000
lI50_pop,-0.01038,-0.00004,-0.00077,-0.00307,-0.00301,0.01131,0.00000,0.00000,0.00000,0.00000,0.00000,0.00000,0.00000
omega_initT,0.00000,0.00000,0.00000,0.00000,0.00000,0.00000,0.11455,-0.00028,0.00315,-0.00005,0.00002,0.00004,-0.00002
omega_dS,0.00000,0.00000,0.00000,0.00000,0.00000,0.00000,-0.00028,0.00990,-0.00840,0.00299,-0.00001,-0.00006,-0.00024
corr_lBt0_dS,0.00000,0.00000,0.00000,0.00000,0.00000,0.00000,0.00315,-0.00840,0.01692,-0.00116,-0.00000,0.00006,0.00036
omega_lBt0,0.00000,0.00000,0.00000,0.00000,0.00000,0.00000,-0.00005,0.00299,-0.00116,0.00114,-0.00001,-0.00002,-0.00006
omega_lw,0.00000,0.00000,0.00000,0.00000,0.00000,0.00000,0.00002,-0.00001,-0.00000,-0.00001,0.00415,-0.00051,-0.00002
omega_lI50,0.00000,0.00000,0.00000,0.00000,0.00000,0.00000,0.00004,-0.00006,0.00006,-0.00002,-0.00051,0.00486,-0.00005
a,0.00000,0.00000,0.00000,0.00000,0.00000,0.00000,-0.00002,-0.00024,0.00036,-0.00006,-0.00002,-0.00005,0.00024
