aS_pop,1,0.39654,-0.24307,0.087399,0.16432,0.018709,nan,0.082031,-0.088598,0.085121,-0.11848,nan,-0.0045455,-0.058809,-0.17172
dS_pop,0.39654,1,0.15825,-0.16181,0.080326,-0.22419,nan,0.40386,-0.37251,0.21377,-0.16593,nan,0.19569,0.075678,-0.10072
Bt0_pop,-0.24307,0.15825,1,-0.88013,-0.38709,-0.1865,nan,0.14713,-0.35814,0.42439,0.33,nan,0.15239,0.41361,0.28866
beta_Bt0_doseTCID50,0.087399,-0.16181,-0.88013,1,0.23572,0.11948,nan,-0.21915,0.34049,-0.46152,-0.31239,nan,-0.095082,-0.39004,-0.23601
p_pop,0.16432,0.080326,-0.38709,0.23572,1,0.084617,nan,-0.36101,0.36662,0.15563,-0.44333,nan,0.034161,-0.63466,-0.42911
n_pop,0.018709,-0.22419,-0.1865,0.11948,0.084617,1,nan,-0.18214,0.11034,-0.025948,-0.0060348,nan,-0.46363,-0.12028,0.074787
V0_pop,nan,nan,nan,nan,nan,nan,nan,nan,nan,nan,nan,nan,nan,nan,nan
beta_V0_doseTCID50,0.082031,0.40386,0.14713,-0.21915,-0.36101,-0.18214,nan,1,-0.22875,-0.2772,0.066584,nan,0.12268,0.35307,0.1156
omega_aS,-0.088598,-0.37251,-0.35814,0.34049,0.36662,0.11034,nan,-0.22875,1,-0.23284,-0.23279,nan,-0.034393,-0.39695,-0.2288
omega_dS,0.085121,0.21377,0.42439,-0.46152,0.15563,-0.025948,nan,-0.2772,-0.23284,1,0.24418,nan,-0.010705,0.027405,0.039507
omega_Bt0,-0.11848,-0.16593,0.33,-0.31239,-0.44333,-0.0060348,nan,0.066584,-0.23279,0.24418,1,nan,-0.064268,0.51823,0.29828
omega_p,nan,nan,nan,nan,nan,nan,nan,nan,nan,nan,nan,nan,nan,nan,nan
omega_n,-0.0045455,0.19569,0.15239,-0.095082,0.034161,-0.46363,nan,0.12268,-0.034393,-0.010705,-0.064268,nan,1,0.050971,-0.24735
omega_V0,-0.058809,0.075678,0.41361,-0.39004,-0.63466,-0.12028,nan,0.35307,-0.39695,0.027405,0.51823,nan,0.050971,1,0.33396
a,-0.17172,-0.10072,0.28866,-0.23601,-0.42911,0.074787,nan,0.1156,-0.2288,0.039507,0.29828,nan,-0.24735,0.33396,1
